14 14  -4.1772638907860496e-2
13 14  -1.8707960522850398e-2
12 14  3.456768435254108e-2
11 14  -1.3310238532501673e-2
10 14  -1.7327500474987594e-2
9 14  1.7757296801495872e-2
8 14  2.542307586965095e-3
7 14  -2.4590536813793862e-2
6 14  -2.6147747632119522e-2
5 14  -1.4264723246305181e-2
4 14  -3.4078369601732585e-2
3 14  -5.2932267705110815e-2
2 14  -1.6738815958736386e-2
1 14  3.710115184474632e-2
0 14  2.286153583740333e-3
14 13  -3.246712384208095e-2
13 13  -4.7811249427866076e-2
12 13  -3.3624076987550516e-2
11 13  -4.055678353381236e-2
10 13  -2.0363795483396754e-2
9 13  -4.0404054828457776e-2
8 13  -4.379584249508215e-2
7 13  -6.74385729262056e-2
6 13  -5.824808810587638e-2
5 13  -3.5180837947092924e-2
4 13  2.3080628098391585e-2
3 13  4.0639201433392926e-2
2 13  1.7172295726274926e-2
1 13  -2.2954532475095733e-2
0 13  -8.705362905153814e-3
14 12  -1.587556885186562e-2
13 12  -1.0614500126291102e-2
12 12  -2.5632645763298424e-2
11 12  9.152168550422937e-3
10 12  2.021971420418185e-2
9 12  -4.87435663266334e-2
8 12  -4.298973833197128e-2
7 12  -7.702947473091815e-2
6 12  -4.401080462022505e-2
5 12  -3.1216562013832553e-2
4 12  -6.6610186450495115e-3
3 12  1.096464505306198e-2
2 12  -2.486087589834173e-2
1 12  -2.140623311228502e-2
0 12  -3.138307844901629e-2
14 11  -3.089290618973678e-2
13 11  4.217640942494578e-2
12 11  7.900330817280822e-3
11 11  3.0614161040285696e-2
10 11  2.3665030408554052e-2
9 11  -7.54067351546378e-2
8 11  -3.9930698955768784e-4
7 11  -2.2977178290480293e-3
6 11  1.4143661984302044e-2
5 11  1.6555601964122778e-2
4 11  2.2695610030476532e-2
3 11  2.054168934098115e-2
2 11  -3.714957663025215e-2
1 11  -2.11803247056085e-2
0 11  -5.99511854094929e-2
14 10  1.728431957699575e-3
13 10  5.648803758614765e-2
12 10  1.6137494889672047e-2
11 10  -2.001629270329276e-2
10 10  -3.9436283394854325e-2
9 10  -6.911229841905484e-3
8 10  3.237827564699161e-2
7 10  2.5982647259305047e-2
6 10  1.773408977539645e-2
5 10  5.834674568609934e-2
4 10  2.2773678454560783e-2
3 10  -4.350370157835571e-2
2 10  -4.6614261161930265e-2
1 10  9.904177351400895e-3
0 10  -3.153067986489716e-2
14 9  -4.232485618498948e-2
13 9  -1.4306555846024985e-2
12 9  5.763677680799243e-2
11 9  1.934512408727815e-2
10 9  -4.894622890883196e-2
9 9  2.3382662399038502e-2
8 9  -1.1613911836536494e-2
7 9  1.7546832157942296e-3
6 9  4.4854181420541796e-2
5 9  5.396210708146158e-2
4 9  3.776278130228434e-2
3 9  -4.6823009493179635e-2
2 9  -4.3760674676060256e-2
1 9  9.89826868598772e-3
0 9  1.3382922615237883e-2
14 8  9.228938788223354e-3
13 8  1.4113004878795694e-2
12 8  2.50255368489741e-2
11 8  3.4068843208405454e-2
10 8  2.852635632700176e-3
9 8  3.720006663698194e-2
8 8  -1.4420900108984828e-2
7 8  -3.0995518488779145e-2
6 8  3.7553906455604566e-2
5 8  -3.2241652787759575e-2
4 8  -3.9366804829489455e-2
3 8  4.596533934922458e-2
2 8  4.8580352844085864e-2
1 8  5.997315375217063e-2
0 8  -7.88679747953882e-3
14 7  -9.01694894288222e-3
13 7  -4.471572952122482e-2
12 7  -3.8181331449414074e-4
11 7  2.9030156036641455e-2
10 7  -2.2898933540050966e-2
9 7  -1.1077522362911766e-2
8 7  4.530898363857557e-3
7 7  -3.280128530549199e-2
6 7  8.720023470430924e-2
5 7  -2.6036158109820406e-2
4 7  -1.9697997706720136e-2
3 7  5.547457034866954e-2
2 7  5.2445774764793236e-2
1 7  5.557658007751838e-2
0 7  -3.0392335128349053e-3
14 6  -2.187184665654257e-2
13 6  -2.8397431891800398e-2
12 6  4.359221748962877e-2
11 6  4.22961182799627e-3
10 6  -2.3624917358932143e-2
9 6  -3.724576636680251e-2
8 6  -1.9377373859590444e-2
7 6  5.757097455477587e-2
6 6  4.200097107838724e-2
5 6  4.125823799882881e-2
4 6  -2.2756347975078486e-2
3 6  3.567343731706099e-4
2 6  7.347271459404947e-3
1 6  6.23592992484151e-3
0 6  -1.1303121263688265e-2
14 5  -3.809536272610943e-2
13 5  -3.4210576135893234e-3
12 5  -2.1197202257164045e-2
11 5  -3.7478718375952666e-2
10 5  -4.665555246953568e-2
9 5  -4.377928305433424e-2
8 5  -2.4052089535157826e-2
7 5  -2.0552247175847724e-2
6 5  3.0030004262801627e-2
5 5  4.392894166977562e-2
4 5  6.477783523979874e-3
3 5  1.5754774526924795e-2
2 5  8.061775774302303e-4
1 5  -2.822851884180567e-3
0 5  -4.265016324462448e-2
14 4  -2.032327168920798e-2
13 4  4.10268345156241e-2
12 4  1.0534164169016744e-2
11 4  -3.1178624679596624e-2
10 4  1.8773373114232564e-2
9 4  2.9912108403312966e-2
8 4  2.6632036711103757e-2
7 4  3.1580919155405215e-2
6 4  -3.6457821653555905e-2
5 4  8.132442780740566e-3
4 4  -6.481953612064537e-3
3 4  -4.438529363849977e-2
2 4  -1.4601870588674952e-2
1 4  4.7648654781446656e-2
0 4  1.3847721171512395e-2
14 3  -1.6437639803360965e-2
13 3  -3.717549582233401e-2
12 3  4.230839137264009e-2
11 3  7.82367445188007e-3
10 3  4.316506492073806e-2
9 3  2.4258914654200478e-2
8 3  6.268296042617094e-2
7 3  4.1713292902788204e-2
6 3  4.5796758343462245e-2
5 3  4.9487284177065924e-2
4 3  5.869291980731483e-2
3 3  2.380153555957283e-3
2 3  -1.958628809358813e-4
1 3  1.1781441899191364e-2
0 3  6.779358406107078e-2
14 2  -3.56491216215881e-2
13 2  -5.403783474769351e-2
12 2  -1.7677767622501228e-2
11 2  6.1875458981622146e-2
10 2  4.6574005285202016e-2
9 2  1.9911854937523146e-2
8 2  3.2059078046532324e-2
7 2  5.007992571268014e-2
6 2  4.284993354494569e-2
5 2  -9.127114717978467e-3
4 2  2.5874934463418015e-2
3 2  8.180944098020601e-3
2 2  7.979160708107697e-4
1 2  1.4631574218580634e-2
0 2  4.9190211054036995e-2
14 1  -3.7394954767502736e-2
13 1  -3.5131718211762565e-2
12 1  1.3081729806417211e-2
11 1  4.226802207377954e-2
10 1  6.904831196301689e-2
9 1  -2.2292467909523953e-2
8 1  -3.439921996848842e-2
7 1  3.2122692206390246e-2
6 1  1.3842908069232211e-2
5 1  -3.498378994075601e-2
4 1  -3.258921490514054e-2
3 1  -1.0833490400326225e-2
2 1  -2.9840592115098152e-2
1 1  -5.071199000683718e-2
0 1  3.0008255903277912e-2
14 0  -2.3822146690974003e-2
13 0  4.064859027279052e-2
12 0  4.736059575436974e-2
11 0  4.7275596585278384e-2
10 0  2.7762117314298812e-2
9 0  3.471623854422683e-2
8 0  -1.238997658029193e-2
7 0  -1.1597492125773812e-2
6 0  4.41654021108564e-2
5 0  -3.251491367392998e-2
4 0  -4.039010855910741e-2
3 0  -5.7370218876309824e-2
2 0  1.8068815893741708e-4
1 0  -1.9753682737160206e-2
0 0  1.1884497146734431e-2
